70
71
72
73
74
75
76
77
78
79
100
101
102
103
104
105
106
107
108
109
170
171
172
173
174
175
176
177
178
179
200
201
202
203
204
205
206
207
208
209
270
271
272
273
274
275
276
277
278
279
300
301
302
303
304
305
306
307
308
309
370
371
372
373
374
375
376
377
378
379
400
401
402
403
404
405
406
407
408
409
470
471
472
473
474
475
476
477
478
479
500
501
502
503
504
505
506
507
508
509
570
571
572
573
574
575
576
577
578
579
600
601
602
603
604
605
606
607
608
609
670
671
672
673
674
675
676
677
678
679
700
701
702
703
704
705
706
707
708
709
770
771
772
773
774
775
776
777
778
779
800
801
802
803
804
805
806
807
808
809
870
871
872
873
874
875
876
877
878
879
900
901
902
903
904
905
906
907
908
909
970
971
972
973
974
975
976
977
978
979
1000
1001
1002
1003
1004
1005
1006
1007
1008
1009
1070
1071
1072
1073
1074
1075
1076
1077
1078
1079
1100
1101
1102
1103
1104
1105
1106
1107
1108
1109
1170
1171
1172
1173
1174
1175
1176
1177
1178
1179
1200
1201
1202
1203
1204
1205
1206
1207
1208
1209
1270
1271
1272
1273
1274
1275
1276
1277
1278
1279
1300
1301
1302
1303
1304
1305
1306
1307
1308
1309
1370
1371
1372
1373
1374
1375
1376
1377
1378
1379
1400
1401
1402
1403
1404
1405
1406
1407
1408
1409
1470
1471
1472
1473
1474
1475
1476
1477
1478
1479
1500
1501
1502
1503
1504
1505
1506
1507
1508
1509
1570
1571
1572
1573
1574
1575
1576
1577
1578
1579
1600
1601
1602
1603
1604
1605
1606
1607
1608
1609
1670
1671
1672
1673
1674
1675
1676
1677
1678
1679
1700
1701
1702
1703
1704
1705
1706
1707
1708
1709
1770
1771
1772
1773
1774
1775
1776
1777
1778
1779
1800
1801
1802
1803
1804
1805
1806
1807
1808
1809
1870
1871
1872
1873
1874
1875
1876
1877
1878
1879
1900
1901
1902
1903
1904
1905
1906
1907
1908
1909
1970
1971
1972
1973
1974
1975
1976
1977
1978
1979
2000
2001
2002
2003
2004
2005
2006
2007
2008
2009
2070
2071
2072
2073
2074
2075
2076
2077
2078
2079
2100
2101
2102
2103
2104
2105
2106
2107
2108
2109
2170
2171
2172
2173
2174
2175
2176
2177
2178
2179
2200
2201
2202
2203
2204
2205
2206
2207
2208
2209
2270
2271
2272
2273
2274
2275
2276
2277
2278
2279
2300
2301
2302
2303
2304
2305
2306
2307
2308
2309
2370
2371
2372
2373
2374
2375
2376
2377
2378
2379
2400
2401
2402
2403
2404
2405
2406
2407
2408
2409
2470
2471
2472
2473
2474
2475
2476
2477
2478
2479
2500
2501
2502
2503
2504
2505
2506
2507
2508
2509
2570
2571
2572
2573
2574
2575
2576
2577
2578
2579
2600
2601
2602
2603
2604
2605
2606
2607
2608
2609
2670
2671
2672
2673
2674
2675
2676
2677
2678
2679
2700
2701
2702
2703
2704
2705
2706
2707
2708
2709
2770
2771
2772
2773
2774
2775
2776
2777
2778
2779
2800
2801
2802
2803
2804
2805
2806
2807
2808
2809
2870
2871
2872
2873
2874
2875
2876
2877
2878
2879
2900
2901
2902
2903
2904
2905
2906
2907
2908
2909
2970
2971
2972
2973
2974
2975
2976
2977
2978
2979
3000
3001
3002
3003
3004
3005
3006
3007
3008
3009
3070
3071
3072
3073
3074
3075
3076
3077
3078
3079
3100
3101
3102
3103
3104
3105
3106
3107
3108
3109
3170
3171
3172
3173
3174
3175
3176
3177
3178
3179
3200
3201
3202
3203
3204
3205
3206
3207
3208
3209
3270
3271
3272
3273
3274
3275
3276
3277
3278
3279
3300
3301
3302
3303
3304
3305
3306
3307
3308
3309
3370
3371
3372
3373
3374
3375
3376
3377
3378
3379
3400
3401
3402
3403
3404
3405
3406
3407
3408
3409
3470
3471
3472
3473
3474
3475
3476
3477
3478
3479
3500
3501
3502
3503
3504
3505
3506
3507
3508
3509
3570
3571
3572
3573
3574
3575
3576
3577
3578
3579
3600
3601
3602
3603
3604
3605
3606
3607
3608
3609
3670
3671
3672
3673
3674
3675
3676
3677
3678
3679
3700
3701
3702
3703
3704
3705
3706
3707
3708
3709
3770
3771
3772
3773
3774
3775
3776
3777
3778
3779
3800
3801
3802
3803
3804
3805
3806
3807
3808
3809
3870
3871
3872
3873
3874
3875
3876
3877
3878
3879
3900
3901
3902
3903
3904
3905
3906
3907
3908
3909
3970
3971
3972
3973
3974
3975
3976
3977
3978
3979
4000
4001
4002
4003
4004
4005
4006
4007
4008
4009
4070
4071
4072
4073
4074
4075
4076
4077
4078
4079
4100
4101
4102
4103
4104
4105
4106
4107
4108
4109
4170
4171
4172
4173
4174
4175
4176
4177
4178
4179
4200
4201
4202
4203
4204
4205
4206
4207
4208
4209
4270
4271
4272
4273
4274
4275
4276
4277
4278
4279
4300
4301
4302
4303
4304
4305
4306
4307
4308
4309
4370
4371
4372
4373
4374
4375
4376
4377
4378
4379
4400
4401
4402
4403
4404
4405
4406
4407
4408
4409
4470
4471
4472
4473
4474
4475
4476
4477
4478
4479
4500
4501
4502
4503
4504
4505
4506
4507
4508
4509
4570
4571
4572
4573
4574
4575
4576
4577
4578
4579
4600
4601
4602
4603
4604
4605
4606
4607
4608
4609
4670
4671
4672
4673
4674
4675
4676
4677
4678
4679
4700
4701
4702
4703
4704
4705
4706
4707
4708
4709
4770
4771
4772
4773
4774
4775
4776
4777
4778
4779
4800
4801
4802
4803
4804
4805
4806
4807
4808
4809
4870
4871
4872
4873
4874
4875
4876
4877
4878
4879
4900
4901
4902
4903
4904
4905
4906
4907
4908
4909
4970
4971
4972
4973
4974
4975
4976
4977
4978
4979
5000
5001
5002
5003
5004
5005
5006
5007
5008
5009
5070
5071
5072
5073
5074
5075
5076
5077
5078
5079
5100
5101
5102
5103
5104
5105
5106
5107
5108
5109
5170
5171
5172
5173
5174
5175
5176
5177
5178
5179
5200
5201
5202
5203
5204
5205
5206
5207
5208
5209
5270
5271
5272
5273
5274
5275
5276
5277
5278
5279
5300
5301
5302
5303
5304
5305
5306
5307
5308
5309
5370
5371
5372
5373
5374
5375
5376
5377
5378
5379
5400
5401
5402
5403
5404
5405
5406
5407
5408
5409
5470
5471
5472
5473
5474
5475
5476
5477
5478
5479
5500
5501
5502
5503
5504
5505
5506
5507
5508
5509
5570
5571
5572
5573
5574
5575
5576
5577
5578
5579
5600
5601
5602
5603
5604
5605
5606
5607
5608
5609
5670
5671
5672
5673
5674
5675
5676
5677
5678
5679
5700
5701
5702
5703
5704
5705
5706
5707
5708
5709
5770
5771
5772
5773
5774
5775
5776
5777
5778
5779
5800
5801
5802
5803
5804
5805
5806
5807
5808
5809
5870
5871
5872
5873
5874
5875
5876
5877
5878
5879
5900
5901
5902
5903
5904
5905
5906
5907
5908
5909
5970
5971
5972
5973
5974
5975
5976
5977
5978
5979
6000
6001
6002
6003
6004
6005
6006
6007
6008
6009
6070
6071
6072
6073
6074
6075
6076
6077
6078
6079
6100
6101
6102
6103
6104
6105
6106
6107
6108
6109
6170
6171
6172
6173
6174
6175
6176
6177
6178
6179
6200
6201
6202
6203
6204
6205
6206
6207
6208
6209
6270
6271
6272
6273
6274
6275
6276
6277
6278
6279
6300
6301
6302
6303
6304
6305
6306
6307
6308
6309
6370
6371
6372
6373
6374
6375
6376
6377
6378
6379
6400
6401
6402
6403
6404
6405
6406
6407
6408
6409
6470
6471
6472
6473
6474
6475
6476
6477
6478
6479
6500
6501
6502
6503
6504
6505
6506
6507
6508
6509
6570
6571
6572
6573
6574
6575
6576
6577
6578
6579
6600
6601
6602
6603
6604
6605
6606
6607
6608
6609
6670
6671
6672
6673
6674
6675
6676
6677
6678
6679
6700
6701
6702
6703
6704
6705
6706
6707
6708
6709
6770
6771
6772
6773
6774
6775
6776
6777
6778
6779
6800
6801
6802
6803
6804
6805
6806
6807
6808
6809
6870
6871
6872
6873
6874
6875
6876
6877
6878
6879
6900
6901
6902
6903
6904
6905
6906
6907
6908
6909
6970
6971
6972
6973
6974
6975
6976
6977
6978
6979
7000
7001
7002
7003
7004
7005
7006
7007
7008
7009
7070
7071
7072
7073
7074
7075
7076
7077
7078
7079
7100
7101
7102
7103
7104
7105
7106
7107
7108
7109
7170
7171
7172
7173
7174
7175
7176
7177
7178
7179
7200
7201
7202
7203
7204
7205
7206
7207
7208
7209
7270
7271
7272
7273
7274
7275
7276
7277
7278
7279
7300
7301
7302
7303
7304
7305
7306
7307
7308
7309
7370
7371
7372
7373
7374
7375
7376
7377
7378
7379
7400
7401
7402
7403
7404
7405
7406
7407
7408
7409
7470
7471
7472
7473
7474
7475
7476
7477
7478
7479
7500
7501
7502
7503
7504
7505
7506
7507
7508
7509
7570
7571
7572
7573
7574
7575
7576
7577
7578
7579
7600
7601
7602
7603
7604
7605
7606
7607
7608
7609
7670
7671
7672
7673
7674
7675
7676
7677
7678
7679
7700
7701
7702
7703
7704
7705
7706
7707
7708
7709
7770
7771
7772
7773
7774
7775
7776
7777
7778
7779
7800
7801
7802
7803
7804
7805
7806
7807
7808
7809
7870
7871
7872
7873
7874
7875
7876
7877
7878
7879
7900
7901
7902
7903
7904
7905
7906
7907
7908
7909
7970
7971
7972
7973
7974
7975
7976
7977
7978
7979
8000
8001
8002
8003
8004
8005
8006
8007
8008
8009
8070
8071
8072
8073
8074
8075
8076
8077
8078
8079
8100
8101
8102
8103
8104
8105
8106
8107
8108
8109
8170
8171
8172
8173
8174
8175
8176
8177
8178
8179
8200
8201
8202
8203
8204
8205
8206
8207
8208
8209
8270
8271
8272
8273
8274
8275
8276
8277
8278
8279
8300
8301
8302
8303
8304
8305
8306
8307
8308
8309
8370
8371
8372
8373
8374
8375
8376
8377
8378
8379
8400
8401
8402
8403
8404
8405
8406
8407
8408
8409
8470
8471
8472
8473
8474
8475
8476
8477
8478
8479
8500
8501
8502
8503
8504
8505
8506
8507
8508
8509
8570
8571
8572
8573
8574
8575
8576
8577
8578
8579
8600
8601
8602
8603
8604
8605
8606
8607
8608
8609
8670
8671
8672
8673
8674
8675
8676
8677
8678
8679
8700
8701
8702
8703
8704
8705
8706
8707
8708
8709
8770
8771
8772
8773
8774
8775
8776
8777
8778
8779
8800
8801
8802
8803
8804
8805
8806
8807
8808
8809
8870
8871
8872
8873
8874
8875
8876
8877
8878
8879
8900
8901
8902
8903
8904
8905
8906
8907
8908
8909
8970
8971
8972
8973
8974
8975
8976
8977
8978
8979
9000
9001
9002
9003
9004
9005
9006
9007
9008
9009
9070
9071
9072
9073
9074
9075
9076
9077
9078
9079
9100
9101
9102
9103
9104
9105
9106
9107
9108
9109
9170
9171
9172
9173
9174
9175
9176
9177
9178
9179
9200
9201
9202
9203
9204
9205
9206
9207
9208
9209
9270
9271
9272
9273
9274
9275
9276
9277
9278
9279
9300
9301
9302
9303
9304
9305
9306
9307
9308
9309
9370
9371
9372
9373
9374
9375
9376
9377
9378
9379
9400
9401
9402
9403
9404
9405
9406
9407
9408
9409
9470
9471
9472
9473
9474
9475
9476
9477
9478
9479
9500
9501
9502
9503
9504
9505
9506
9507
9508
9509
9570
9571
9572
9573
9574
9575
9576
9577
9578
9579
9600
9601
9602
9603
9604
9605
9606
9607
9608
9609
9670
9671
9672
9673
9674
9675
9676
9677
9678
9679
9700
9701
9702
9703
9704
9705
9706
9707
9708
9709
9770
9771
9772
9773
9774
9775
9776
9777
9778
9779
9800
9801
9802
9803
9804
9805
9806
9807
9808
9809
9870
9871
9872
9873
9874
9875
9876
9877
9878
9879
9900
9901
9902
9903
9904
9905
9906
9907
9908
9909
9970
9971
9972
9973
9974
9975
9976
9977
9978
9979
10000
10001
10002
10003
10004
10005
10006
10007
10008
10009
10070
10071
10072
10073
10074
10075
10076
10077
10078
10079
10100
10101
10102
10103
10104
10105
10106
10107
10108
10109
10170
10171
10172
10173
10174
10175
10176
10177
10178
10179
10200
10201
10202
10203
10204
10205
10206
10207
10208
10209
10270
10271
10272
10273
10274
10275
10276
10277
10278
10279
10300
10301
10302
10303
10304
10305
10306
10307
10308
10309
10370
10371
10372
10373
10374
10375
10376
10377
10378
10379
10400
10401
10402
10403
10404
10405
10406
10407
10408
10409
10470
10471
10472
10473
10474
10475
10476
10477
10478
10479
10500
10501
10502
10503
10504
10505
10506
10507
10508
10509
10570
10571
10572
10573
10574
10575
10576
10577
10578
10579
10600
10601
10602
10603
10604
10605
10606
10607
10608
10609
10670
10671
10672
10673
10674
10675
10676
10677
10678
10679
10700
10701
10702
10703
10704
10705
10706
10707
10708
10709
10770
10771
10772
10773
10774
10775
10776
10777
10778
10779
10800
10801
10802
10803
10804
10805
10806
10807
10808
10809
10870
10871
10872
10873
10874
10875
10876
10877
10878
10879
10900
10901
10902
10903
10904
10905
10906
10907
10908
10909
10970
10971
10972
10973
10974
10975
10976
10977
10978
10979
11000
11001
11002
11003
11004
11005
11006
11007
11008
11009
11070
11071
11072
11073
11074
11075
11076
11077
11078
11079
11100
11101
11102
11103
11104
11105
11106
11107
11108
11109
11170
11171
11172
11173
11174
11175
11176
11177
11178
11179
11200
11201
11202
11203
11204
11205
11206
11207
11208
11209
11270
11271
11272
11273
11274
11275
11276
11277
11278
11279
11300
11301
11302
11303
11304
11305
11306
11307
11308
11309
11370
11371
11372
11373
11374
11375
11376
11377
11378
11379
11400
11401
11402
11403
11404
11405
11406
11407
11408
11409
11470
11471
11472
11473
11474
11475
11476
11477
11478
11479
11500
11501
11502
11503
11504
11505
11506
11507
11508
11509
11570
11571
11572
11573
11574
11575
11576
11577
11578
11579
11600
11601
11602
11603
11604
11605
11606
11607
11608
11609
11670
11671
11672
11673
11674
11675
11676
11677
11678
11679
11700
11701
11702
11703
11704
11705
11706
11707
11708
11709
11770
11771
11772
11773
11774
11775
11776
11777
11778
11779
11800
11801
11802
11803
11804
11805
11806
11807
11808
11809
11870
11871
11872
11873
11874
11875
11876
11877
11878
11879
11900
11901
11902
11903
11904
11905
11906
11907
11908
11909
11970
11971
11972
11973
11974
11975
11976
11977
11978
11979
12000
12001
12002
12003
12004
12005
12006
12007
12008
12009
12070
12071
12072
12073
12074
12075
12076
12077
12078
12079
12100
12101
12102
12103
12104
12105
12106
12107
12108
12109
12170
12171
12172
12173
12174
12175
12176
12177
12178
12179
12200
12201
12202
12203
12204
12205
12206
12207
12208
12209
12270
12271
12272
12273
12274
12275
12276
12277
12278
12279
12300
12301
12302
12303
12304
12305
12306
12307
12308
12309
12370
12371
12372
12373
12374
12375
12376
12377
12378
12379
12400
12401
12402
12403
12404
12405
12406
12407
12408
12409
12470
12471
12472
12473
12474
12475
12476
12477
12478
12479
12500
12501
12502
12503
12504
12505
12506
12507
12508
12509
12570
12571
12572
12573
12574
12575
12576
12577
12578
12579
12600
12601
12602
12603
12604
12605
12606
12607
12608
12609
12670
12671
12672
12673
12674
12675
12676
12677
12678
12679
12700
12701
12702
12703
12704
12705
12706
12707
12708
12709
12770
12771
12772
12773
12774
12775
12776
12777
12778
12779
12800
12801
12802
12803
12804
12805
12806
12807
12808
12809
12870
12871
12872
12873
12874
12875
12876
12877
12878
12879
12900
12901
12902
12903
12904
12905
12906
12907
12908
12909
12970
12971
12972
12973
12974
12975
12976
12977
12978
12979
13000
13001
13002
13003
13004
13005
13006
13007
13008
13009
13070
13071
13072
13073
13074
13075
13076
13077
13078
13079
13100
13101
13102
13103
13104
13105
13106
13107
13108
13109
13170
13171
13172
13173
13174
13175
13176
13177
13178
13179
13200
13201
13202
13203
13204
13205
13206
13207
13208
13209
13270
13271
13272
13273
13274
13275
13276
13277
13278
13279
13300
13301
13302
13303
13304
13305
13306
13307
13308
13309
13370
13371
13372
13373
13374
13375
13376
13377
13378
13379
13400
13401
13402
13403
13404
13405
13406
13407
13408
13409
13470
13471
13472
13473
13474
13475
13476
13477
13478
13479
13500
13501
13502
13503
13504
13505
13506
13507
13508
13509
13570
13571
13572
13573
13574
13575
13576
13577
13578
13579
13600
13601
13602
13603
13604
13605
13606
13607
13608
13609
13670
13671
13672
13673
13674
13675
13676
13677
13678
13679
13700
13701
13702
13703
13704
13705
13706
13707
13708
13709
13770
13771
13772
13773
13774
13775
13776
13777
13778
13779
13800
13801
13802
13803
13804
13805
13806
13807
13808
13809
13870
13871
13872
13873
13874
13875
13876
13877
13878
13879
13900
13901
13902
13903
13904
13905
13906
13907
13908
13909
13970
13971
13972
13973
13974
13975
13976
13977
13978
13979
14000
14001
14002
14003
14004
14005
14006
14007
14008
14009
14070
14071
14072
14073
14074
14075
14076
14077
14078
14079
14100
14101
14102
14103
14104
14105
14106
14107
14108
14109
14170
14171
14172
14173
14174
14175
14176
14177
14178
14179
14200
14201
14202
14203
14204
14205
14206
14207
14208
14209
14270
14271
14272
14273
14274
14275
14276
14277
14278
14279
14300
14301
14302
14303
14304
14305
14306
14307
14308
14309
14370
14371
14372
14373
14374
14375
14376
14377
14378
14379
14400
14401
14402
14403
14404
14405
14406
14407
14408
14409
14470
14471
14472
14473
14474
14475
14476
14477
14478
14479
14500
14501
14502
14503
14504
14505
14506
14507
14508
14509
14570
14571
14572
14573
14574
14575
14576
14577
14578
14579
14600
14601
14602
14603
14604
14605
14606
14607
14608
14609
14670
14671
14672
14673
14674
14675
14676
14677
14678
14679
14700
14701
14702
14703
14704
14705
14706
14707
14708
14709
14770
14771
14772
14773
14774
14775
14776
14777
14778
14779
14800
14801
14802
14803
14804
14805
14806
14807
14808
14809
14870
14871
14872
14873
14874
14875
14876
14877
14878
14879
14900
14901
14902
14903
14904
14905
14906
14907
14908
14909
14970
14971
14972
14973
14974
14975
14976
14977
14978
14979
15000
15001
15002
15003
15004
15005
15006
15007
15008
15009
15070
15071
15072
15073
15074
15075
15076
15077
15078
15079
15100
15101
15102
15103
15104
15105
15106
15107
15108
15109
15170
15171
15172
15173
15174
15175
15176
15177
15178
15179
15200
15201
15202
15203
15204
15205
15206
15207
15208
15209
15270
15271
15272
15273
15274
15275
15276
15277
15278
15279
15300
15301
15302
15303
15304
15305
15306
15307
15308
15309
15370
15371
15372
15373
15374
15375
15376
15377
15378
15379
15400
15401
15402
15403
15404
15405
15406
15407
15408
15409
15470
15471
15472
15473
15474
15475
15476
15477
15478
15479
15500
15501
15502
15503
15504
15505
15506
15507
15508
15509
15570
15571
15572
15573
15574
15575
15576
15577
15578
15579
15600
15601
15602
15603
15604
15605
15606
15607
15608
15609
15670
15671
15672
15673
15674
15675
15676
15677
15678
15679
15700
15701
15702
15703
15704
15705
15706
15707
15708
15709
15770
15771
15772
15773
15774
15775
15776
15777
15778
15779
15800
15801
15802
15803
15804
15805
15806
15807
15808
15809
15870
15871
15872
15873
15874
15875
15876
15877
15878
15879
15900
15901
15902
15903
15904
15905
15906
15907
15908
15909
15970
15971
15972
15973
15974
15975
15976
15977
15978
15979
16000
16001
16002
16003
16004
16005
16006
16007
16008
16009
16070
16071
16072
16073
16074
16075
16076
16077
16078
16079
16100
16101
16102
16103
16104
16105
16106
16107
16108
16109
16170
16171
16172
16173
16174
16175
16176
16177
16178
16179
16200
16201
16202
16203
16204
16205
16206
16207
16208
16209
16270
16271
16272
16273
16274
16275
16276
16277
16278
16279
16300
16301
16302
16303
16304
16305
16306
16307
16308
16309
16370
16371
16372
16373
16374
16375
16376
16377
16378
16379
16400
16401
16402
16403
16404
16405
16406
16407
16408
16409
16470
16471
16472
16473
16474
16475
16476
16477
16478
16479
16500
16501
16502
16503
16504
16505
16506
16507
16508
16509
16570
16571
16572
16573
16574
16575
16576
16577
16578
16579
16600
16601
16602
16603
16604
16605
16606
16607
16608
16609
16670
16671
16672
16673
16674
16675
16676
16677
16678
16679
16700
16701
16702
16703
16704
16705
16706
16707
16708
16709
16770
16771
16772
16773
16774
16775
16776
16777
16778
16779
16800
16801
16802
16803
16804
16805
16806
16807
16808
16809
16870
16871
16872
16873
16874
16875
16876
16877
16878
16879
16900
16901
16902
16903
16904
16905
16906
16907
16908
16909
16970
16971
16972
16973
16974
16975
16976
16977
16978
16979
17000
17001
17002
17003
17004
17005
17006
17007
17008
17009
17070
17071
17072
17073
17074
17075
17076
17077
17078
17079
17100
17101
17102
17103
17104
17105
17106
17107
17108
17109
17170
17171
17172
17173
17174
17175
17176
17177
17178
17179
17200
17201
17202
17203
17204
17205
17206
17207
17208
17209
17270
17271
17272
17273
17274
17275
17276
17277
17278
17279
17300
17301
17302
17303
17304
17305
17306
17307
17308
17309
17370
17371
17372
17373
17374
17375
17376
17377
17378
17379
17400
17401
17402
17403
17404
17405
17406
17407
17408
17409
17470
17471
17472
17473
17474
17475
17476
17477
17478
17479
17500
17501
17502
17503
17504
17505
17506
17507
17508
17509
17570
17571
17572
17573
17574
17575
17576
17577
17578
17579
17600
17601
17602
17603
17604
17605
17606
17607
17608
17609
17670
17671
17672
17673
17674
17675
17676
17677
17678
17679
17700
17701
17702
17703
17704
17705
17706
17707
17708
17709
17770
17771
17772
17773
17774
17775
17776
17777
17778
17779
17800
17801
17802
17803
17804
17805
17806
17807
17808
17809
17870
17871
17872
17873
17874
17875
17876
17877
17878
17879
17900
17901
17902
17903
17904
17905
17906
17907
17908
17909
17970
17971
17972
17973
17974
17975
17976
17977
17978
17979
18000
18001
18002
18003
18004
18005
18006
18007
18008
18009
18070
18071
18072
18073
18074
18075
18076
18077
18078
18079
18100
18101
18102
18103
18104
18105
18106
18107
18108
18109
18170
18171
18172
18173
18174
18175
18176
18177
18178
18179
18200
18201
18202
18203
18204
18205
18206
18207
18208
18209
18270
18271
18272
18273
18274
18275
18276
18277
18278
18279
18300
18301
18302
18303
18304
18305
18306
18307
18308
18309
18370
18371
18372
18373
18374
18375
18376
18377
18378
18379
18400
18401
18402
18403
18404
18405
18406
18407
18408
18409
18470
18471
18472
18473
18474
18475
18476
18477
18478
18479
18500
18501
18502
18503
18504
18505
18506
18507
18508
18509
18570
18571
18572
18573
18574
18575
18576
18577
18578
18579
18600
18601
18602
18603
18604
18605
18606
18607
18608
18609
18670
18671
18672
18673
18674
18675
18676
18677
18678
18679
18700
18701
18702
18703
18704
18705
18706
18707
18708
18709
18770
18771
18772
18773
18774
18775
18776
18777
18778
18779
18800
18801
18802
18803
18804
18805
18806
18807
18808
18809
18870
18871
18872
18873
18874
18875
18876
18877
18878
18879
18900
18901
18902
18903
18904
18905
18906
18907
18908
18909
18970
18971
18972
18973
18974
18975
18976
18977
18978
18979
19000
19001
19002
19003
19004
19005
19006
19007
19008
19009
19070
19071
19072
19073
19074
19075
19076
19077
19078
19079
19100
19101
19102
19103
19104
19105
19106
19107
19108
19109
19170
19171
19172
19173
19174
19175
19176
19177
19178
19179
19200
19201
19202
19203
19204
19205
19206
19207
19208
19209
19270
19271
19272
19273
19274
19275
19276
19277
19278
19279
19300
19301
19302
19303
19304
19305
19306
19307
19308
19309
19370
19371
19372
19373
19374
19375
19376
19377
19378
19379
19400
19401
19402
19403
19404
19405
19406
19407
19408
19409
19470
19471
19472
19473
19474
19475
19476
19477
19478
19479
19500
19501
19502
19503
19504
19505
19506
19507
19508
19509
19570
19571
19572
19573
19574
19575
19576
19577
19578
19579
19600
19601
19602
19603
19604
19605
19606
19607
19608
19609
19670
19671
19672
19673
19674
19675
19676
19677
19678
19679
19700
19701
19702
19703
19704
19705
19706
19707
19708
19709
19770
19771
19772
19773
19774
19775
19776
19777
19778
19779
19800
19801
19802
19803
19804
19805
19806
19807
19808
19809
19870
19871
19872
19873
19874
19875
19876
19877
19878
19879
19900
19901
19902
19903
19904
19905
19906
19907
19908
19909
19970
19971
19972
19973
19974
19975
19976
19977
19978
19979
20000
20001
20002
20003
20004
20005
20006
20007
20008
20009
20070
20071
20072
20073
20074
20075
20076
20077
20078
20079
20100
20101
20102
20103
20104
20105
20106
20107
20108
20109
20170
20171
20172
20173
20174
20175
20176
20177
20178
20179
20200
20201
20202
20203
20204
20205
20206
20207
20208
20209
20270
20271
20272
20273
20274
20275
20276
20277
20278
20279
20300
20301
20302
20303
20304
20305
20306
20307
20308
20309
20370
20371
20372
20373
20374
20375
20376
20377
20378
20379
20400
20401
20402
20403
20404
20405
20406
20407
20408
20409
20470
20471
20472
20473
20474
20475
20476
20477
20478
20479
20500
20501
20502
20503
20504
20505
20506
20507
20508
20509
20570
20571
20572
20573
20574
20575
20576
20577
20578
20579
20600
20601
20602
20603
20604
20605
20606
20607
20608
20609
20670
20671
20672
20673
20674
20675
20676
20677
20678
20679
20700
20701
20702
20703
20704
20705
20706
20707
20708
20709
20770
20771
20772
20773
20774
20775
20776
20777
20778
20779
20800
20801
20802
20803
20804
20805
20806
20807
20808
20809
20870
20871
20872
20873
20874
20875
20876
20877
20878
20879
20900
20901
20902
20903
20904
20905
20906
20907
20908
20909
20970
20971
20972
20973
20974
20975
20976
20977
20978
20979
21000
21001
21002
21003
21004
21005
21006
21007
21008
21009
21070
21071
21072
21073
21074
21075
21076
21077
21078
21079
21100
21101
21102
21103
21104
21105
21106
21107
21108
21109
21170
21171
21172
21173
21174
21175
21176
21177
21178
21179
21200
21201
21202
21203
21204
21205
21206
21207
21208
21209
21270
21271
21272
21273
21274
21275
21276
21277
21278
21279
21300
21301
21302
21303
21304
21305
21306
21307
21308
21309
21370
21371
21372
21373
21374
21375
21376
21377
21378
21379
21400
21401
21402
21403
21404
21405
21406
21407
21408
21409
21470
21471
21472
21473
21474
21475
21476
21477
21478
21479
21500
21501
21502
21503
21504
21505
21506
21507
21508
21509
21570
21571
21572
21573
21574
21575
21576
21577
21578
21579
21600
21601
21602
21603
21604
21605
21606
21607
21608
21609
21670
21671
21672
21673
21674
21675
21676
21677
21678
21679
21700
21701
21702
21703
21704
21705
21706
21707
21708
21709
21770
21771
21772
21773
21774
21775
21776
21777
21778
21779
21800
21801
21802
21803
21804
21805
21806
21807
21808
21809
21870
21871
21872
21873
21874
21875
21876
21877
21878
21879
21900
21901
21902
21903
21904
21905
21906
21907
21908
21909
21970
21971
21972
21973
21974
21975
21976
21977
21978
21979
22000
22001
22002
22003
22004
22005
22006
22007
22008
22009
22070
22071
22072
22073
22074
22075
22076
22077
22078
22079
22100
22101
22102
22103
22104
22105
22106
22107
22108
22109
22170
22171
22172
22173
22174
22175
22176
22177
22178
22179
22200
22201
22202
22203
22204
22205
22206
22207
22208
22209
22270
22271
22272
22273
22274
22275
22276
22277
22278
22279
22300
22301
22302
22303
22304
22305
22306
22307
22308
22309
22370
22371
22372
22373
22374
22375
22376
22377
22378
22379
22400
22401
22402
22403
22404
22405
22406
22407
22408
22409
22470
22471
22472
22473
22474
22475
22476
22477
22478
22479
22500
22501
22502
22503
22504
22505
22506
22507
22508
22509
22570
22571
22572
22573
22574
22575
22576
22577
22578
22579
22600
22601
22602
22603
22604
22605
22606
22607
22608
22609
22670
22671
22672
22673
22674
22675
22676
22677
22678
22679
22700
22701
22702
22703
22704
22705
22706
22707
22708
22709
22770
22771
22772
22773
22774
22775
22776
22777
22778
22779
22800
22801
22802
22803
22804
22805
22806
22807
22808
22809
22870
22871
22872
22873
22874
22875
22876
22877
22878
22879
22900
22901
22902
22903
22904
22905
22906
22907
22908
22909
22970
22971
22972
22973
22974
22975
22976
22977
22978
22979
23000
23001
23002
23003
23004
23005
23006
23007
23008
23009
23070
23071
23072
23073
23074
23075
23076
23077
23078
23079
23100
23101
23102
23103
23104
23105
23106
23107
23108
23109
23170
23171
23172
23173
23174
23175
23176
23177
23178
23179
23200
23201
23202
23203
23204
23205
23206
23207
23208
23209
23270
23271
23272
23273
23274
23275
23276
23277
23278
23279
23300
23301
23302
23303
23304
23305
23306
23307
23308
23309
23370
23371
23372
23373
23374
23375
23376
23377
23378
23379
23400
23401
23402
23403
23404
23405
23406
23407
23408
23409
23470
23471
23472
23473
23474
23475
23476
23477
23478
23479
23500
23501
23502
23503
23504
23505
23506
23507
23508
23509
23570
23571
23572
23573
23574
23575
23576
23577
23578
23579
23600
23601
23602
23603
23604
23605
23606
23607
23608
23609
23670
23671
23672
23673
23674
23675
23676
23677
23678
23679
23700
23701
23702
23703
23704
23705
23706
23707
23708
23709
23770
23771
23772
23773
23774
23775
23776
23777
23778
23779
23800
23801
23802
23803
23804
23805
23806
23807
23808
23809
23870
23871
23872
23873
23874
23875
23876
23877
23878
23879
23900
23901
23902
23903
23904
23905
23906
23907
23908
23909
23970
23971
23972
23973
23974
23975
23976
23977
23978
23979
24000
24001
24002
24003
24004
24005
24006
24007
24008
24009
24070
24071
24072
24073
24074
24075
24076
24077
24078
24079
24100
24101
24102
24103
24104
24105
24106
24107
24108
24109
24170
24171
24172
24173
24174
24175
24176
24177
24178
24179
24200
24201
24202
24203
24204
24205
24206
24207
24208
24209
24270
24271
24272
24273
24274
24275
24276
24277
24278
24279
24300
24301
24302
24303
24304
24305
24306
24307
24308
24309
24370
24371
24372
24373
24374
24375
24376
24377
24378
24379
24400
24401
24402
24403
24404
24405
24406
24407
24408
24409
24470
24471
24472
24473
24474
24475
24476
24477
24478
24479
24500
24501
24502
24503
24504
24505
24506
24507
24508
24509
24570
24571
24572
24573
24574
24575
24576
24577
24578
24579
24600
24601
24602
24603
24604
24605
24606
24607
24608
24609
24670
24671
24672
24673
24674
24675
24676
24677
24678
24679
24700
24701
24702
24703
24704
24705
24706
24707
24708
24709
24770
24771
24772
24773
24774
24775
24776
24777
24778
24779
24800
24801
24802
24803
24804
24805
24806
24807
24808
24809
24870
24871
24872
24873
24874
24875
24876
24877
24878
24879
24900
24901
24902
24903
24904
24905
24906
24907
24908
24909
24970
24971
24972
24973
24974
24975
24976
24977
24978
24979
25000
25001
25002
25003
25004
25005
25006
25007
25008
25009
25070
25071
25072
25073
25074
25075
25076
25077
25078
25079
25100
25101
25102
25103
25104
25105
25106
25107
25108
25109
25170
25171
25172
25173
25174
25175
25176
25177
25178
25179
25200
25201
25202
25203
25204
25205
25206
25207
25208
25209
25270
25271
25272
25273
25274
25275
25276
25277
25278
25279
25300
25301
25302
25303
25304
25305
25306
25307
25308
25309
25370
25371
25372
25373
25374
25375
25376
25377
25378
25379
25400
25401
25402
25403
25404
25405
25406
25407
25408
25409
25470
25471
25472
25473
25474
25475
25476
25477
25478
25479
25500
25501
25502
25503
25504
25505
25506
25507
25508
25509
25570
25571
25572
25573
25574
25575
25576
25577
25578
25579
25600
25601
25602
25603
25604
25605
25606
25607
25608
25609
25670
25671
25672
25673
25674
25675
25676
25677
25678
25679
25700
25701
25702
25703
25704
25705
25706
25707
25708
25709
25770
25771
25772
25773
25774
25775
25776
25777
25778
25779
25800
25801
25802
25803
25804
25805
25806
25807
25808
25809
25870
25871
25872
25873
25874
25875
25876
25877
25878
25879
25900
25901
25902
25903
25904
25905
25906
25907
25908
25909
25970
25971
25972
25973
25974
25975
25976
25977
25978
25979
26000
26001
26002
26003
26004
26005
26006
26007
26008
26009
26070
26071
26072
26073
26074
26075
26076
26077
26078
26079
26100
26101
26102
26103
26104
26105
26106
26107
26108
26109
26170
26171
26172
26173
26174
26175
26176
26177
26178
26179
26200
26201
26202
26203
26204
26205
26206
26207
26208
26209
26270
26271
26272
26273
26274
26275
26276
26277
26278
26279
26300
26301
26302
26303
26304
26305
26306
26307
26308
26309
26370
26371
26372
26373
26374
26375
26376
26377
26378
26379
26400
26401
26402
26403
26404
26405
26406
26407
26408
26409
26470
26471
26472
26473
26474
26475
26476
26477
26478
26479
26500
26501
26502
26503
26504
26505
26506
26507
26508
26509
26570
26571
26572
26573
26574
26575
26576
26577
26578
26579
26600
26601
26602
26603
26604
26605
26606
26607
26608
26609
26670
26671
26672
26673
26674
26675
26676
26677
26678
26679
26700
26701
26702
26703
26704
26705
26706
26707
26708
26709
26770
26771
26772
26773
26774
26775
26776
26777
26778
26779
26800
26801
26802
26803
26804
26805
26806
26807
26808
26809
26870
26871
26872
26873
26874
26875
26876
26877
26878
26879
26900
26901
26902
26903
26904
26905
26906
26907
26908
26909
26970
26971
26972
26973
26974
26975
26976
26977
26978
26979
27000
27001
27002
27003
27004
27005
27006
27007
27008
27009
27070
27071
27072
27073
27074
27075
27076
27077
27078
27079
27100
27101
27102
27103
27104
27105
27106
27107
27108
27109
27170
27171
27172
27173
27174
27175
27176
27177
27178
27179
27200
27201
27202
27203
27204
27205
27206
27207
27208
27209
27270
27271
27272
27273
27274
27275
27276
27277
27278
27279
27300
27301
27302
27303
27304
27305
27306
27307
27308
27309
27370
27371
27372
27373
27374
27375
27376
27377
27378
27379
27400
27401
27402
27403
27404
27405
27406
27407
27408
27409
27470
27471
27472
27473
27474
27475
27476
27477
27478
27479
27500
27501
27502
27503
27504
27505
27506
27507
27508
27509
27570
27571
27572
27573
27574
27575
27576
27577
27578
27579
27600
27601
27602
27603
27604
27605
27606
27607
27608
27609
27670
27671
27672
27673
27674
27675
27676
27677
27678
27679
27700
27701
27702
27703
27704
27705
27706
27707
27708
27709
27770
27771
27772
27773
27774
27775
27776
27777
27778
27779
27800
27801
27802
27803
27804
27805
27806
27807
27808
27809
27870
27871
27872
27873
27874
27875
27876
27877
27878
27879
27900
27901
27902
27903
27904
27905
27906
27907
27908
27909
27970
27971
27972
27973
27974
27975
27976
27977
27978
27979
28000
28001
28002
28003
28004
28005
28006
28007
28008
28009
28070
28071
28072
28073
28074
28075
28076
28077
28078
28079
28100
28101
28102
28103
28104
28105
28106
28107
28108
28109
28170
28171
28172
28173
28174
28175
28176
28177
28178
28179
28200
28201
28202
28203
28204
28205
28206
28207
28208
28209
28270
28271
28272
28273
28274
28275
28276
28277
28278
28279
28300
28301
28302
28303
28304
28305
28306
28307
28308
28309
28370
28371
28372
28373
28374
28375
28376
28377
28378
28379
28400
28401
28402
28403
28404
28405
28406
28407
28408
28409
28470
28471
28472
28473
28474
28475
28476
28477
28478
28479
28500
28501
28502
28503
28504
28505
28506
28507
28508
28509
28570
28571
28572
28573
28574
28575
28576
28577
28578
28579
28600
28601
28602
28603
28604
28605
28606
28607
28608
28609
28670
28671
28672
28673
28674
28675
28676
28677
28678
28679
28700
28701
28702
28703
28704
28705
28706
28707
28708
28709
28770
28771
28772
28773
28774
28775
28776
28777
28778
28779
28800
28801
28802
28803
28804
28805
28806
28807
28808
28809
28870
28871
28872
28873
28874
28875
28876
28877
28878
28879
28900
28901
28902
28903
28904
28905
28906
28907
28908
28909
28970
28971
28972
28973
28974
28975
28976
28977
28978
28979
29000
29001
29002
29003
29004
29005
29006
29007
29008
29009
29070
29071
29072
29073
29074
29075
29076
29077
29078
29079
29100
29101
29102
29103
29104
29105
29106
29107
29108
29109
29170
29171
29172
29173
29174
29175
29176
29177
29178
29179
29200
29201
29202
29203
29204
29205
29206
29207
29208
29209
29270
29271
29272
29273
29274
29275
29276
29277
29278
29279
29300
29301
29302
29303
29304
29305
29306
29307
29308
29309
29370
29371
29372
29373
29374
29375
29376
29377
29378
29379
29400
29401
29402
29403
29404
29405
29406
29407
29408
29409
29470
29471
29472
29473
29474
29475
29476
29477
29478
29479
29500
29501
29502
29503
29504
29505
29506
29507
29508
29509
29570
29571
29572
29573
29574
29575
29576
29577
29578
29579
29600
29601
29602
29603
29604
29605
29606
29607
29608
29609
29670
29671
29672
29673
29674
29675
29676
29677
29678
29679
29700
29701
29702
29703
29704
29705
29706
29707
29708
29709
29770
29771
29772
29773
29774
29775
29776
29777
29778
29779
29800
29801
29802
29803
29804
29805
29806
29807
29808
29809
29870
29871
29872
29873
29874
29875
29876
29877
29878
29879
29900
29901
29902
29903
29904
29905
29906
29907
29908
29909
29970
29971
29972
29973
29974
29975
29976
29977
29978
29979
30000
30001
30002
30003
30004
30005
30006
30007
30008
30009
30070
30071
30072
30073
30074
30075
30076
30077
30078
30079
30100
30101
30102
30103
30104
30105
30106
30107
30108
30109
30170
30171
30172
30173
30174
30175
30176
30177
30178
30179
30200
30201
30202
30203
30204
30205
30206
30207
30208
30209
30270
30271
30272
30273
30274
30275
30276
30277
30278
30279
30300
30301
30302
30303
30304
30305
30306
30307
30308
30309
30370
30371
30372
30373
30374
30375
30376
30377
30378
30379
30400
30401
30402
30403
30404
30405
30406
30407
30408
30409
30470
30471
30472
30473
30474
30475
30476
30477
30478
30479
30500
30501
30502
30503
30504
30505
30506
30507
30508
30509
30570
30571
30572
30573
30574
30575
30576
30577
30578
30579
30600
30601
30602
30603
30604
30605
30606
30607
30608
30609
30670
30671
30672
30673
30674
30675
30676
30677
30678
30679
30700
30701
30702
30703
30704
30705
30706
30707
30708
30709
30770
30771
30772
30773
30774
30775
30776
30777
30778
30779
30800
30801
30802
30803
30804
30805
30806
30807
30808
30809
30870
30871
30872
30873
30874
30875
30876
30877
30878
30879
30900
30901
30902
30903
30904
30905
30906
30907
30908
30909
30970
30971
30972
30973
30974
30975
30976
30977
30978
30979
31000
31001
31002
31003
31004
31005
31006
31007
31008
31009
31070
31071
31072
31073
31074
31075
31076
31077
31078
31079
31100
31101
31102
31103
31104
31105
31106
31107
31108
31109
31170
31171
31172
31173
31174
31175
31176
31177
31178
31179
31200
31201
31202
31203
31204
31205
31206
31207
31208
31209
31270
31271
31272
31273
31274
31275
31276
31277
31278
31279
31300
31301
31302
31303
31304
31305
31306
31307
31308
31309
31370
31371
31372
31373
31374
31375
31376
31377
31378
31379
31400
31401
31402
31403
31404
31405
31406
31407
31408
31409
31470
31471
31472
31473
31474
31475
31476
31477
31478
31479
31500
31501
31502
31503
31504
31505
31506
31507
31508
31509
31570
31571
31572
31573
31574
31575
31576
31577
31578
31579
31600
31601
31602
31603
31604
31605
31606
31607
31608
31609
31670
31671
31672
31673
31674
31675
31676
31677
31678
31679
31700
31701
31702
31703
31704
31705
31706
31707
31708
31709
31770
31771
31772
31773
31774
31775
31776
31777
31778
31779
31800
31801
31802
31803
31804
31805
31806
31807
31808
31809
31870
31871
31872
31873
31874
31875
31876
31877
31878
31879
31900
31901
31902
31903
31904
31905
31906
31907
31908
31909
31970
31971
31972
31973
31974
31975
31976
31977
31978
31979
32000
32001
32002
32003
32004
32005
32006
32007
32008
32009
32070
32071
32072
32073
32074
32075
32076
32077
32078
32079
32100
32101
32102
32103
32104
32105
32106
32107
32108
32109
32170
32171
32172
32173
32174
32175
32176
32177
32178
32179
32200
32201
32202
32203
32204
32205
32206
32207
32208
32209
32270
32271
32272
32273
32274
32275
32276
32277
32278
32279
32300
32301
32302
32303
32304
32305
32306
32307
32308
32309
32370
32371
32372
32373
32374
32375
32376
32377
32378
32379
32400
32401
32402
32403
32404
32405
32406
32407
32408
32409
32470
32471
32472
32473
32474
32475
32476
32477
32478
32479
32500
32501
32502
32503
32504
32505
32506
32507
32508
32509
32570
32571
32572
32573
32574
32575
32576
32577
32578
32579
32600
32601
32602
32603
32604
32605
32606
32607
32608
32609
32670
32671
32672
32673
32674
32675
32676
32677
32678
32679
32700
32701
32702
32703
32704
32705
32706
32707
32708
32709
32770
32771
32772
32773
32774
32775
32776
32777
32778
32779
32800
32801
32802
32803
32804
32805
32806
32807
32808
32809
32870
32871
32872
32873
32874
32875
32876
32877
32878
32879
32900
32901
32902
32903
32904
32905
32906
32907
32908
32909
32970
32971
32972
32973
32974
32975
32976
32977
32978
32979
33000
33001
33002
33003
33004
33005
33006
33007
33008
33009
33070
33071
33072
33073
33074
33075
33076
33077
33078
33079
33100
33101
33102
33103
33104
33105
33106
33107
33108
33109
33170
33171
33172
33173
33174
33175
33176
33177
33178
33179
33200
33201
33202
33203
33204
33205
33206
33207
33208
33209
33270
33271
33272
33273
33274
33275
33276
33277
33278
33279
33300
33301
33302
33303
33304
33305
33306
33307
33308
33309
33370
33371
33372
33373
33374
33375
33376
33377
33378
33379
33400
33401
33402
33403
33404
33405
33406
33407
33408
33409
33470
33471
33472
33473
33474
33475
33476
33477
33478
33479
33500
33501
33502
33503
33504
33505
33506
33507
33508
33509
33570
33571
33572
33573
33574
33575
33576
33577
33578
33579
33600
33601
33602
33603
33604
33605
33606
33607
33608
33609
33670
33671
33672
33673
33674
33675
33676
33677
33678
33679
33700
33701
33702
33703
33704
33705
33706
33707
33708
33709
33770
33771
33772
33773
33774
33775
33776
33777
33778
33779
33800
33801
33802
33803
33804
33805
33806
33807
33808
33809
33870
33871
33872
33873
33874
33875
33876
33877
33878
33879
33900
33901
33902
33903
33904
33905
33906
33907
33908
33909
33970
33971
33972
33973
33974
33975
33976
33977
33978
33979
34000
34001
34002
34003
34004
34005
34006
34007
34008
34009
34070
34071
34072
34073
34074
34075
34076
34077
34078
34079
34100
34101
34102
34103
34104
34105
34106
34107
34108
34109
34170
34171
34172
34173
34174
34175
34176
34177
34178
34179
34200
34201
34202
34203
34204
34205
34206
34207
34208
34209
34270
34271
34272
34273
34274
34275
34276
34277
34278
34279
34300
34301
34302
34303
34304
34305
34306
34307
34308
34309
34370
34371
34372
34373
34374
34375
34376
34377
34378
34379
34400
34401
34402
34403
34404
34405
34406
34407
34408
34409
34470
34471
34472
34473
34474
34475
34476
34477
34478
34479
34500
34501
34502
34503
34504
34505
34506
34507
34508
34509
34570
34571
34572
34573
34574
34575
34576
34577
34578
34579
34600
34601
34602
34603
34604
34605
34606
34607
34608
34609
34670
34671
34672
34673
34674
34675
34676
34677
34678
34679
34700
34701
34702
34703
34704
34705
34706
34707
34708
34709
34770
34771
34772
34773
34774
34775
34776
34777
34778
34779
34800
34801
34802
34803
34804
34805
34806
34807
34808
34809
34870
34871
34872
34873
34874
34875
34876
34877
34878
34879
34900
34901
34902
34903
34904
34905
34906
34907
34908
34909
34970
34971
34972
34973
34974
34975
34976
34977
34978
34979
35000
35001
35002
35003
35004
35005
35006
35007
35008
35009
35070
35071
35072
35073
35074
35075
35076
35077
35078
35079
35100
35101
35102
35103
35104
35105
35106
35107
35108
35109
35170
35171
35172
35173
35174
35175
35176
35177
35178
35179
35200
35201
35202
35203
35204
35205
35206
35207
35208
35209
35270
35271
35272
35273
35274
35275
35276
35277
35278
35279
35300
35301
35302
35303
35304
35305
35306
35307
35308
35309
35370
35371
35372
35373
35374
35375
35376
35377
35378
35379
35400
35401
35402
35403
35404
35405
35406
35407
35408
35409
35470
35471
35472
35473
35474
35475
35476
35477
35478
35479
35500
35501
35502
35503
35504
35505
35506
35507
35508
35509
35570
35571
35572
35573
35574
35575
35576
35577
35578
35579
35600
35601
35602
35603
35604
35605
35606
35607
35608
35609
35670
35671
35672
35673
35674
35675
35676
35677
35678
35679
35700
35701
35702
35703
35704
35705
35706
35707
35708
35709
35770
35771
35772
35773
35774
35775
35776
35777
35778
35779
35800
35801
35802
35803
35804
35805
35806
35807
35808
35809
35870
35871
35872
35873
35874
35875
35876
35877
35878
35879
35900
35901
35902
35903
35904
35905
35906
35907
35908
35909
35970
35971
35972
35973
35974
35975
35976
35977
35978
35979
36000
36001
36002
36003
36004
36005
36006
36007
36008
36009
36070
36071
36072
36073
36074
36075
36076
36077
36078
36079
36100
36101
36102
36103
36104
36105
36106
36107
36108
36109
36170
36171
36172
36173
36174
36175
36176
36177
36178
36179
36200
36201
36202
36203
36204
36205
36206
36207
36208
36209
36270
36271
36272
36273
36274
36275
36276
36277
36278
36279
36300
36301
36302
36303
36304
36305
36306
36307
36308
36309
36370
36371
36372
36373
36374
36375
36376
36377
36378
36379
36400
36401
36402
36403
36404
36405
36406
36407
36408
36409
36470
36471
36472
36473
36474
36475
36476
36477
36478
36479
36500
36501
36502
36503
36504
36505
36506
36507
36508
36509
36570
36571
36572
36573
36574
36575
36576
36577
36578
36579
36600
36601
36602
36603
36604
36605
36606
36607
36608
36609
36670
36671
36672
36673
36674
36675
36676
36677
36678
36679
36700
36701
36702
36703
36704
36705
36706
36707
36708
36709
36770
36771
36772
36773
36774
36775
36776
36777
36778
36779
36800
36801
36802
36803
36804
36805
36806
36807
36808
36809
36870
36871
36872
36873
36874
36875
36876
36877
36878
36879
36900
36901
36902
36903
36904
36905
36906
36907
36908
36909
36970
36971
36972
36973
36974
36975
36976
36977
36978
36979
37000
37001
37002
37003
37004
37005
37006
37007
37008
37009
37070
37071
37072
37073
37074
37075
37076
37077
37078
37079
37100
37101
37102
37103
37104
37105
37106
37107
37108
37109
37170
37171
37172
37173
37174
37175
37176
37177
37178
37179
37200
37201
37202
37203
37204
37205
37206
37207
37208
37209
37270
37271
37272
37273
37274
37275
37276
37277
37278
37279
37300
37301
37302
37303
37304
37305
37306
37307
37308
37309
37370
37371
37372
37373
37374
37375
37376
37377
37378
37379
37400
37401
37402
37403
37404
37405
37406
37407
37408
37409
37470
37471
37472
37473
37474
37475
37476
37477
37478
37479
37500
37501
37502
37503
37504
37505
37506
37507
37508
37509
37570
37571
37572
37573
37574
37575
37576
37577
37578
37579
37600
37601
37602
37603
37604
37605
37606
37607
37608
37609
37670
37671
37672
37673
37674
37675
37676
37677
37678
37679
37700
37701
37702
37703
37704
37705
37706
37707
37708
37709
37770
37771
37772
37773
37774
37775
37776
37777
37778
37779
37800
37801
37802
37803
37804
37805
37806
37807
37808
37809
37870
37871
37872
37873
37874
37875
37876
37877
37878
37879
37900
37901
37902
37903
37904
37905
37906
37907
37908
37909
37970
37971
37972
37973
37974
37975
37976
37977
37978
37979
38000
38001
38002
38003
38004
38005
38006
38007
38008
38009
38070
38071
38072
38073
38074
38075
38076
38077
38078
38079
38100
38101
38102
38103
38104
38105
38106
38107
38108
38109
38170
38171
38172
38173
38174
38175
38176
38177
38178
38179
38200
38201
38202
38203
38204
38205
38206
38207
38208
38209
38270
38271
38272
38273
38274
38275
38276
38277
38278
38279
38300
38301
38302
38303
38304
38305
38306
38307
38308
38309
38370
38371
38372
38373
38374
38375
38376
38377
38378
38379
38400
38401
38402
38403
38404
38405
38406
38407
38408
38409
38470
38471
38472
38473
38474
38475
38476
38477
38478
38479
38500
38501
38502
38503
38504
38505
38506
38507
38508
38509
38570
38571
38572
38573
38574
38575
38576
38577
38578
38579
38600
38601
38602
38603
38604
38605
38606
38607
38608
38609
38670
38671
38672
38673
38674
38675
38676
38677
38678
38679
38700
38701
38702
38703
38704
38705
38706
38707
38708
38709
38770
38771
38772
38773
38774
38775
38776
38777
38778
38779
38800
38801
38802
38803
38804
38805
38806
38807
38808
38809
38870
38871
38872
38873
38874
38875
38876
38877
38878
38879
38900
38901
38902
38903
38904
38905
38906
38907
38908
38909
38970
38971
38972
38973
38974
38975
38976
38977
38978
38979
39000
39001
39002
39003
39004
39005
39006
39007
39008
39009
39070
39071
39072
39073
39074
39075
39076
39077
39078
39079
39100
39101
39102
39103
39104
39105
39106
39107
39108
39109
39170
39171
39172
39173
39174
39175
39176
39177
39178
39179
39200
39201
39202
39203
39204
39205
39206
39207
39208
39209
39270
39271
39272
39273
39274
39275
39276
39277
39278
39279
39300
39301
39302
39303
39304
39305
39306
39307
39308
39309
39370
39371
39372
39373
39374
39375
39376
39377
39378
39379
39400
39401
39402
39403
39404
39405
39406
39407
39408
39409
39470
39471
39472
39473
39474
39475
39476
39477
39478
39479
39500
39501
39502
39503
39504
39505
39506
39507
39508
39509
39570
39571
39572
39573
39574
39575
39576
39577
39578
39579
39600
39601
39602
39603
39604
39605
39606
39607
39608
39609
39670
39671
39672
39673
39674
39675
39676
39677
39678
39679
39700
39701
39702
39703
39704
39705
39706
39707
39708
39709
39770
39771
39772
39773
39774
39775
39776
39777
39778
39779
39800
39801
39802
39803
39804
39805
39806
39807
39808
39809
39870
39871
39872
39873
39874
39875
39876
39877
39878
39879
39900
39901
39902
39903
39904
39905
39906
39907
39908
39909
39970
39971
39972
39973
39974
39975
39976
39977
39978
39979
40000
40001
40002
40003
40004
40005
40006
40007
40008
40009
40070
40071
40072
40073
40074
40075
40076
40077
40078
40079
40100
40101
40102
40103
40104
40105
40106
40107
40108
40109
40170
40171
40172
40173
40174
40175
40176
40177
40178
40179
40200
40201
40202
40203
40204
40205
40206
40207
40208
40209
40270
40271
40272
40273
40274
40275
40276
40277
40278
40279
40300
40301
40302
40303
40304
40305
40306
40307
40308
40309
40370
40371
40372
40373
40374
40375
40376
40377
40378
40379
40400
40401
40402
40403
40404
40405
40406
40407
40408
40409
40470
40471
40472
40473
40474
40475
40476
40477
40478
40479
40500
40501
40502
40503
40504
40505
40506
40507
40508
40509
40570
40571
40572
40573
40574
40575
40576
40577
40578
40579
40600
40601
40602
40603
40604
40605
40606
40607
40608
40609
40670
40671
40672
40673
40674
40675
40676
40677
40678
40679
40700
40701
40702
40703
40704
40705
40706
40707
40708
40709
40770
40771
40772
40773
40774
40775
40776
40777
40778
40779
40800
40801
40802
40803
40804
40805
40806
40807
40808
40809
40870
40871
40872
40873
40874
40875
40876
40877
40878
40879
40900
40901
40902
40903
40904
40905
40906
40907
40908
40909
40970
40971
40972
40973
40974
40975
40976
40977
40978
40979
41000
41001
41002
41003
41004
41005
41006
41007
41008
41009
41070
41071
41072
41073
41074
41075
41076
41077
41078
41079
41100
41101
41102
41103
41104
41105
41106
41107
41108
41109
41170
41171
41172
41173
41174
41175
41176
41177
41178
41179
41200
41201
41202
41203
41204
41205
41206
41207
41208
41209
41270
41271
41272
41273
41274
41275
41276
41277
41278
41279
41300
41301
41302
41303
41304
41305
41306
41307
41308
41309
41370
41371
41372
41373
41374
41375
41376
41377
41378
41379
41400
41401
41402
41403
41404
41405
41406
41407
41408
41409
41470
41471
41472
41473
41474
41475
41476
41477
41478
41479
41500
41501
41502
41503
41504
41505
41506
41507
41508
41509
41570
41571
41572
41573
41574
41575
41576
41577
41578
41579
41600
41601
41602
41603
41604
41605
41606
41607
41608
41609
41670
41671
41672
41673
41674
41675
41676
41677
41678
41679
41700
41701
41702
41703
41704
41705
41706
41707
41708
41709
41770
41771
41772
41773
41774
41775
41776
41777
41778
41779
41800
41801
41802
41803
41804
41805
41806
41807
41808
41809
41870
41871
41872
41873
41874
41875
41876
41877
41878
41879
41900
41901
41902
41903
41904
41905
41906
41907
41908
41909
41970
41971
41972
41973
41974
41975
41976
41977
41978
41979
42000
42001
42002
42003
42004
42005
42006
42007
42008
42009
42070
42071
42072
42073
42074
42075
42076
42077
42078
42079
42100
42101
42102
42103
42104
42105
42106
42107
42108
42109
42170
42171
42172
42173
42174
42175
42176
42177
42178
42179
42200
42201
42202
42203
42204
42205
42206
42207
42208
42209
42270
42271
42272
42273
42274
42275
42276
42277
42278
42279
42300
42301
42302
42303
42304
42305
42306
42307
42308
42309
42370
42371
42372
42373
42374
42375
42376
42377
42378
42379
42400
42401
42402
42403
42404
42405
42406
42407
42408
42409
42470
42471
42472
42473
42474
42475
42476
42477
42478
42479
42500
42501
42502
42503
42504
42505
42506
42507
42508
42509
42570
42571
42572
42573
42574
42575
42576
42577
42578
42579
42600
42601
42602
42603
42604
42605
42606
42607
42608
42609
42670
42671
42672
42673
42674
42675
42676
42677
42678
42679
42700
42701
42702
42703
42704
42705
42706
42707
42708
42709
42770
42771
42772
42773
42774
42775
42776
42777
42778
42779
42800
42801
42802
42803
42804
42805
42806
42807
42808
42809
42870
42871
42872
42873
42874
42875
42876
42877
42878
42879
42900
42901
42902
42903
42904
42905
42906
42907
42908
42909
42970
42971
42972
42973
42974
42975
42976
42977
42978
42979
43000
43001
43002
43003
43004
43005
43006
43007
43008
43009
43070
43071
43072
43073
43074
43075
43076
43077
43078
43079
43100
43101
43102
43103
43104
43105
43106
43107
43108
43109
43170
43171
43172
43173
43174
43175
43176
43177
43178
43179
43200
43201
43202
43203
43204
43205
43206
43207
43208
43209
43270
43271
43272
43273
43274
43275
43276
43277
43278
43279
43300
43301
43302
43303
43304
43305
43306
43307
43308
43309
43370
43371
43372
43373
43374
43375
43376
43377
43378
43379
43400
43401
43402
43403
43404
43405
43406
43407
43408
43409
43470
43471
43472
43473
43474
43475
43476
43477
43478
43479
43500
43501
43502
43503
43504
43505
43506
43507
43508
43509
43570
43571
43572
43573
43574
43575
43576
43577
43578
43579
43600
43601
43602
43603
43604
43605
43606
43607
43608
43609
43670
43671
43672
43673
43674
43675
43676
43677
43678
43679
43700
43701
43702
43703
43704
43705
43706
43707
43708
43709
43770
43771
43772
43773
43774
43775
43776
43777
43778
43779
43800
43801
43802
43803
43804
43805
43806
43807
43808
43809
43870
43871
43872
43873
43874
43875
43876
43877
43878
43879
43900
43901
43902
43903
43904
43905
43906
43907
43908
43909
43970
43971
43972
43973
43974
43975
43976
43977
43978
43979
44000
44001
44002
44003
44004
44005
44006
44007
44008
44009
44070
44071
44072
44073
44074
44075
44076
44077
44078
44079
44100
44101
44102
44103
44104
44105
44106
44107
44108
44109
44170
44171
44172
44173
44174
44175
44176
44177
44178
44179
44200
44201
44202
44203
44204
44205
44206
44207
44208
44209
44270
44271
44272
44273
44274
44275
44276
44277
44278
44279
44300
44301
44302
44303
44304
44305
44306
44307
44308
44309
44370
44371
44372
44373
44374
44375
44376
44377
44378
44379
44400
44401
44402
44403
44404
44405
44406
44407
44408
44409
44470
44471
44472
44473
44474
44475
44476
44477
44478
44479
44500
44501
44502
44503
44504
44505
44506
44507
44508
44509
44570
44571
44572
44573
44574
44575
44576
44577
44578
44579
44600
44601
44602
44603
44604
44605
44606
44607
44608
44609
44670
44671
44672
44673
44674
44675
44676
44677
44678
44679
44700
44701
44702
44703
44704
44705
44706
44707
44708
44709
44770
44771
44772
44773
44774
44775
44776
44777
44778
44779
44800
44801
44802
44803
44804
44805
44806
44807
44808
44809
44870
44871
44872
44873
44874
44875
44876
44877
44878
44879
44900
44901
44902
44903
44904
44905
44906
44907
44908
44909
44970
44971
44972
44973
44974
44975
44976
44977
44978
44979
45000
45001
45002
45003
45004
45005
45006
45007
45008
45009
45070
45071
45072
45073
45074
45075
45076
45077
45078
45079
45100
45101
45102
45103
45104
45105
45106
45107
45108
45109
45170
45171
45172
45173
45174
45175
45176
45177
45178
45179
45200
45201
45202
45203
45204
45205
45206
45207
45208
45209
45270
45271
45272
45273
45274
45275
45276
45277
45278
45279
45300
45301
45302
45303
45304
45305
45306
45307
45308
45309
45370
45371
45372
45373
45374
45375
45376
45377
45378
45379
45400
45401
45402
45403
45404
45405
45406
45407
45408
45409
45470
45471
45472
45473
45474
45475
45476
45477
45478
45479
45500
45501
45502
45503
45504
45505
45506
45507
45508
45509
45570
45571
45572
45573
45574
45575
45576
45577
45578
45579
45600
45601
45602
45603
45604
45605
45606
45607
45608
45609
45670
45671
45672
45673
45674
45675
45676
45677
45678
45679
45700
45701
45702
45703
45704
45705
45706
45707
45708
45709
45770
45771
45772
45773
45774
45775
45776
45777
45778
45779
45800
45801
45802
45803
45804
45805
45806
45807
45808
45809
45870
45871
45872
45873
45874
45875
45876
45877
45878
45879
45900
45901
45902
45903
45904
45905
45906
45907
45908
45909
45970
45971
45972
45973
45974
45975
45976
45977
45978
45979
46000
46001
46002
46003
46004
46005
46006
46007
46008
46009
46070
46071
46072
46073
46074
46075
46076
46077
46078
46079
46100
46101
46102
46103
46104
46105
46106
46107
46108
46109
46170
46171
46172
46173
46174
46175
46176
46177
46178
46179
46200
46201
46202
46203
46204
46205
46206
46207
46208
46209
46270
46271
46272
46273
46274
46275
46276
46277
46278
46279
46300
46301
46302
46303
46304
46305
46306
46307
46308
46309
46370
46371
46372
46373
46374
46375
46376
46377
46378
46379
46400
46401
46402
46403
46404
46405
46406
46407
46408
46409
46470
46471
46472
46473
46474
46475
46476
46477
46478
46479
46500
46501
46502
46503
46504
46505
46506
46507
46508
46509
46570
46571
46572
46573
46574
46575
46576
46577
46578
46579
46600
46601
46602
46603
46604
46605
46606
46607
46608
46609
46670
46671
46672
46673
46674
46675
46676
46677
46678
46679
46700
46701
46702
46703
46704
46705
46706
46707
46708
46709
46770
46771
46772
46773
46774
46775
46776
46777
46778
46779
46800
46801
46802
46803
46804
46805
46806
46807
46808
46809
46870
46871
46872
46873
46874
46875
46876
46877
46878
46879
46900
46901
46902
46903
46904
46905
46906
46907
46908
46909
46970
46971
46972
46973
46974
46975
46976
46977
46978
46979
47000
47001
47002
47003
47004
47005
47006
47007
47008
47009
47070
47071
47072
47073
47074
47075
47076
47077
47078
47079
47100
47101
47102
47103
47104
47105
47106
47107
47108
47109
47170
47171
47172
47173
47174
47175
47176
47177
47178
47179
47200
47201
47202
47203
47204
47205
47206
47207
47208
47209
47270
47271
47272
47273
47274
47275
47276
47277
47278
47279
47300
47301
47302
47303
47304
47305
47306
47307
47308
47309
47370
47371
47372
47373
47374
47375
47376
47377
47378
47379
47400
47401
47402
47403
47404
47405
47406
47407
47408
47409
47470
47471
47472
47473
47474
47475
47476
47477
47478
47479
47500
47501
47502
47503
47504
47505
47506
47507
47508
47509
47570
47571
47572
47573
47574
47575
47576
47577
47578
47579
47600
47601
47602
47603
47604
47605
47606
47607
47608
47609
47670
47671
47672
47673
47674
47675
47676
47677
47678
47679
47700
47701
47702
47703
47704
47705
47706
47707
47708
47709
47770
47771
47772
47773
47774
47775
47776
47777
47778
47779
47800
47801
47802
47803
47804
47805
47806
47807
47808
47809
47870
47871
47872
47873
47874
47875
47876
47877
47878
47879
47900
47901
47902
47903
47904
47905
47906
47907
47908
47909
47970
47971
47972
47973
47974
47975
47976
47977
47978
47979
48000
48001
48002
48003
48004
48005
48006
48007
48008
48009
48070
48071
48072
48073
48074
48075
48076
48077
48078
48079
48100
48101
48102
48103
48104
48105
48106
48107
48108
48109
48170
48171
48172
48173
48174
48175
48176
48177
48178
48179
48200
48201
48202
48203
48204
48205
48206
48207
48208
48209
48270
48271
48272
48273
48274
48275
48276
48277
48278
48279
48300
48301
48302
48303
48304
48305
48306
48307
48308
48309
48370
48371
48372
48373
48374
48375
48376
48377
48378
48379
48400
48401
48402
48403
48404
48405
48406
48407
48408
48409
48470
48471
48472
48473
48474
48475
48476
48477
48478
48479
48500
48501
48502
48503
48504
48505
48506
48507
48508
48509
48570
48571
48572
48573
48574
48575
48576
48577
48578
48579
48600
48601
48602
48603
48604
48605
48606
48607
48608
48609
48670
48671
48672
48673
48674
48675
48676
48677
48678
48679
48700
48701
48702
48703
48704
48705
48706
48707
48708
48709
48770
48771
48772
48773
48774
48775
48776
48777
48778
48779
48800
48801
48802
48803
48804
48805
48806
48807
48808
48809
48870
48871
48872
48873
48874
48875
48876
48877
48878
48879
48900
48901
48902
48903
48904
48905
48906
48907
48908
48909
48970
48971
48972
48973
48974
48975
48976
48977
48978
48979
49000
49001
49002
49003
49004
49005
49006
49007
49008
49009
49070
49071
49072
49073
49074
49075
49076
49077
49078
49079
49100
49101
49102
49103
49104
49105
49106
49107
49108
49109
49170
49171
49172
49173
49174
49175
49176
49177
49178
49179
49200
49201
49202
49203
49204
49205
49206
49207
49208
49209
49270
49271
49272
49273
49274
49275
49276
49277
49278
49279
49300
49301
49302
49303
49304
49305
49306
49307
49308
49309
49370
49371
49372
49373
49374
49375
49376
49377
49378
49379
49400
49401
49402
49403
49404
49405
49406
49407
49408
49409
49470
49471
49472
49473
49474
49475
49476
49477
49478
49479
49500
49501
49502
49503
49504
49505
49506
49507
49508
49509
49570
49571
49572
49573
49574
49575
49576
49577
49578
49579
49600
49601
49602
49603
49604
49605
49606
49607
49608
49609
49670
49671
49672
49673
49674
49675
49676
49677
49678
49679
49700
49701
49702
49703
49704
49705
49706
49707
49708
49709
49770
49771
49772
49773
49774
49775
49776
49777
49778
49779
49800
49801
49802
49803
49804
49805
49806
49807
49808
49809
49870
49871
49872
49873
49874
49875
49876
49877
49878
49879
49900
49901
49902
49903
49904
49905
49906
49907
49908
49909
49970
49971
49972
49973
49974
49975
49976
49977
49978
49979
50000
